          10893610643
          -6574677247
         -82628844025
        -495213285610
        -526773431394
        -461813877699
        -683790638803
        -673437842800
        -680054572799
        -707981788673
        -523650336564
         234812075841
          35797473480
         463916091823
         241939330719
         636332101396
         437317499035
        1031465978729
        1042359589372
         651792308827
         555290441285
        1108616368030
          89299354582
        -974475336560
       -1009119451562
       -1085173618340
       -1741245082771
       -2434143735101
       -3197970082539
       -2794861256802
       -3506779953226
       -4408840997829
       -5431923731497
       -5857783047042
       -5956046221073
       -5940922264697
       -5487891416991
       -5494018937224
       -5705771490337
       -5782663249318
       -5791060294953
       -5141438606759
       -5560185362134
       -6272330367201
       -5784594439669
       -5825573625444
       -6208583481445
       -6190306231205
       -7307292526928
       -8169755767473
       -7753867396543
       -7562815337098
       -7294182375703
       -7533516392476
       -6685785195790
       -6775186716664
       -7047490789529
       -6987875621577
       -7612021545381
       -7980288731279
       -8122512891350
       -8137603037401
       -7517459791433
       -8416793705693
       -8546964143994
       -8152571373317
       -7648558304952
       -7790782465023
       -7032320052618
       -7135499958506
       -7725703029902
       -7737838992300
       -7884986911938
       -7943432955852
       -7969495298636
       -7186177289029
       -6445540949314
       -6433065674178
       -6422712878175
       -6441708264328
       -6459524536023
       -7077670056488
       -6465541692132
       -6451222910042
       -6436098953666
       -5800841675818
       -5913915005429
       -5335015759030
       -4631109053036
       -4191853701162
       -4520515763852
       -4351968394093
       -3560573622109
       -3637836867416
       -4379682857088
       -3658023011856
       -3732176816291
       -3634675270049
       -2807634124305
       -2161582007751
       -2779330473664
       -2307955658659
       -3201737559053
       -2697124602714
       -2269005984371
       -3022694093474
       -3694447139698
       -3015580410360
       -2392886006230
       -2453192724053
       -1866921372683
       -1863617078251
       -3060918054466
       -2985709205161
       -2817387441226
       -2796173541815
       -2622621904025
       -2810362369635
       -3341008316042
       -3948440764832
       -3110083962161
       -4368172362815
       -4131395307201
       -4220440601339
       -4844469827994
       -4913533868505
       -4354482426709
       -4768489418125
       -3818829589776
       -3627777530331
       -3830524966887
       -3947310693271
       -3504892206136
       -3142931911673
       -3566573077936
       -3134624761147
       -2221042286709
       -1701148695991
       -1392474956256
       -2268104672489
       -1619417096186
       -2011531536998
       -2352800943767
       -3584843232804
       -2919280299056
       -2898667848912
       -2101716235464
       -2233250760690
       -2336822218841
       -2370684712583
       -2832702217693
       -2984001206557
       -3424869787571
       -4287929432168
       -4674730236090
       -5528752237225
       -4666878541118
       -4634621979437
       -4715311216672
       -5388314131190
       -4862167579561
       -6214100878813
       -5727469346831
       -6616847016967
       -6683639257857
       -7271282589558
       -7986152256497
       -7089256267109
       -7026373078102
       -7199820048218
       -8033179858594
       -8748049525533
       -9178705780215
       -9184993068610
       -9198064616404
       -9229297698314
       -9684069426558
      -10125362138136
      -10656008084543
      -11555341998803
      -10830764853624
      -10107830889480
       -9790968548129
       -8938150840578
       -9286061003951
       -9611195212306
       -8574511065348
       -8545494097441
       -8560115150858
       -8537661361039
       -8374946613826
       -9286761680609
      -10245249562990
       -9936575823255
       -9574615528792
       -9180456507287
      -10003602602370
      -10091428984161
      -10309315007871
      -10358704790015
      -10385722284597
      -10407959801697
      -10975379871593
      -10350329665965
       -9910806547778
      -10618542655621
      -10068615415519
       -9855865750548
       -9088979835160
       -7611589905800
       -7608705196703
       -6889478648900
       -6792118934053
       -6823679079837
       -5664468449575
       -4915675929417
       -4924096465060
       -4711346800089
       -4086866433093
       -4095263478728
       -4749452169187
       -4389717827610
       -4469428178522
       -4305680680132
       -4286851870710
       -4357207225034
       -4246222803119
       -4257073449111
       -4296735572463
       -3554713354308
       -4753509122203
       -4176640685468
       -4109989645883
       -3552242585813
       -4436888550001
       -4427309597128
       -3917459079295
       -3911300768985
       -4338719013342
       -4022758671307
       -4113448658968
       -4018593568273
       -4181644420787
       -4092051794765
       -3515963932770
       -2607207424934
       -2263483538243
       -2285721055343
       -2787645418418
       -2806640804571
       -2293309112853
       -2613784742826
       -2455209435322
       -2657275926983
       -2543380058333
       -2399050338570
       -2427090844746
       -2535935156497
       -2893237791222
       -3887961544716
       -3493802523211
       -3564866848275
       -2717135651589
       -2409407957361
       -2839209285579
       -1477329550506
       -1505874763326
       -2114804307199
       -2216930652657
       -2210383848378
       -2865762266199
       -2480977971681
       -2196919536816
       -2821563426682
       -2919044929156
       -3352256836502
       -3331644386358
       -2535648590438
       -2641359036395
       -3526005000583
       -3216576181507
